Rk,Player,G,GS,MP,FG,FGA,FG%,2P,2PA,2P%,3P,3PA,3P%,FT,FTA,FT%,ORB,DRB,TRB,AST,STL,BLK,TOV,PF,PTS,Player-additional,Tm
1,Kino Lilly,27,27,34.7,5.9,13.5,.438,3.1,6.4,.483,2.9,7.1,.399,2.1,2.6,.829,0.3,1.7,2.1,2.4,1.1,0.0,2.4,1.5,16.9,kino-lillyjr-1,BROWN
2,Paxson Wojcik,27,27,34.6,5.1,11.0,.461,3.0,5.4,.544,2.1,5.6,.380,2.6,3.8,.689,0.5,6.7,7.2,3.2,1.3,0.0,1.8,2.2,14.9,paxson-wojcik-1,BROWN
3,Nana Owusu-Anane,25,24,28.6,4.0,9.0,.442,3.8,8.0,.477,0.2,1.1,.185,2.1,3.6,.596,2.8,5.4,8.2,2.1,1.4,1.2,2.4,3.0,10.3,nana-owusu-anane-1,BROWN
4,Kalu Anya,18,17,25.3,3.2,6.1,.527,3.1,5.8,.524,0.2,0.3,.600,1.6,3.1,.509,1.9,4.3,6.2,1.6,0.7,0.7,2.4,2.0,8.2,kalu-anya-1,BROWN
5,Dan Friday,19,13,21.0,2.8,6.6,.424,2.5,5.4,.466,0.3,1.2,.227,1.8,2.6,.700,1.2,2.4,3.6,2.7,1.2,0.2,1.9,2.4,7.7,dan-friday-1,BROWN
6,Aaron Cooley,27,21,19.5,2.0,4.6,.424,1.6,3.4,.478,0.3,1.2,.273,0.9,1.4,.615,0.6,1.9,2.6,0.8,0.7,0.8,0.9,1.6,5.1,aaron-cooley-1,BROWN
7,Kimo Ferrari,24,1,22.6,1.3,3.7,.364,0.4,0.8,.500,0.9,2.8,.324,0.3,0.5,.667,0.3,1.6,1.9,1.4,0.9,0.0,0.7,2.2,3.9,kimo-ferrari-1,BROWN
8,Malachi Ndur,16,3,13.9,1.6,3.0,.521,1.4,2.2,.629,0.2,0.8,.231,0.3,0.6,.400,1.1,1.9,3.0,0.6,0.6,0.4,1.3,1.4,3.6,malachi-ndur-1,BROWN
9,Perry Cowan,27,2,11.7,1.2,3.7,.327,0.2,0.6,.313,1.0,3.1,.329,0.0,0.3,.143,0.3,0.4,0.7,0.4,0.2,0.1,0.2,0.6,3.5,perry-cowan-1,BROWN
10,Landon Lewis,16,0,11.2,0.9,1.4,.636,0.9,1.4,.636,0.0,0.0,,0.4,0.7,.636,0.6,1.4,2.1,0.2,0.2,0.4,0.6,1.7,2.2,landon-lewis-1,BROWN
11,Felix Kloman,19,0,7.9,0.7,1.9,.361,0.4,0.9,.471,0.3,1.0,.263,0.4,0.6,.636,0.2,0.8,0.9,0.4,0.2,0.1,0.3,0.8,2.0,felix-kloman-1,BROWN
12,Lyndel Erold,12,0,1.9,0.2,0.5,.333,0.1,0.3,.333,0.1,0.3,.333,0.1,0.3,.250,0.2,0.3,0.4,0.1,0.0,0.1,0.1,0.6,0.5,lyndel-erold-1,BROWN
13,Sam Klores,8,0,1.9,0.1,0.5,.250,0.0,0.1,.000,0.1,0.4,.333,0.1,0.4,.333,0.0,0.4,0.4,0.1,0.0,0.0,0.5,0.3,0.5,sam-klores-1,BROWN
14,AJ Lesburt,8,0,1.6,0.1,0.5,.250,0.1,0.4,.333,0.0,0.1,.000,0.0,0.0,,0.3,0.4,0.6,0.1,0.0,0.0,0.1,0.0,0.3,aj-lesburt-jr-1,BROWN
15,Matt Knowling,24,21,27.3,6.0,9.7,.625,5.9,9.3,.637,0.1,0.4,.333,1.4,2.3,.600,0.8,3.9,4.8,2.4,0.8,0.3,1.4,1.6,13.6,matt-knowling-1,YALE
16,John Poulakidas,30,30,29.2,4.0,9.7,.416,1.8,4.1,.435,2.2,5.6,.401,1.7,2.1,.810,0.6,2.7,3.2,1.4,0.6,0.4,0.9,2.0,12.0,john-poulakidas-1,YALE
17,EJ Jarvis,30,22,22.4,4.4,8.1,.550,4.0,7.0,.571,0.4,1.1,.406,2.0,2.8,.723,2.1,3.4,5.5,0.6,0.5,1.5,1.2,2.1,11.3,ej-jarvis-1,YALE
18,August Mahoney,30,28,27.7,3.4,6.7,.505,1.5,2.7,.563,1.9,4.1,.467,2.2,2.4,.931,0.3,2.7,3.0,1.5,0.7,0.1,1.0,1.8,10.9,august-mahoney-1,YALE
19,Bez Mbeng,30,30,28.6,3.7,8.5,.430,2.7,5.4,.491,1.0,3.1,.323,2.1,3.2,.646,0.5,3.7,4.2,3.2,1.4,0.3,2.1,2.7,10.4,bez-mbeng-1,YALE
20,Isaiah Kelly,30,17,18.9,2.6,4.7,.542,2.4,4.3,.563,0.2,0.5,.357,1.0,1.9,.526,1.3,2.5,3.7,1.4,0.2,0.8,1.3,2.2,6.3,isaiah-kelly-1,YALE
21,Jack Molloy,29,0,12.7,1.2,3.8,.312,0.6,1.4,.429,0.6,2.3,.239,0.6,0.9,.680,0.6,1.7,2.3,0.8,0.3,0.2,0.3,1.4,3.5,jack-molloy-1,YALE
22,Yassine Gharram,30,1,15.7,1.2,2.9,.402,0.9,1.9,.464,0.3,1.0,.290,0.7,1.3,.564,0.6,2.4,3.0,2.1,1.0,0.1,1.1,1.7,3.4,yassine-gharram-1,YALE
23,Yussif Basa-Ama,12,0,8.1,1.3,2.0,.625,1.2,1.6,.737,0.1,0.4,.200,0.3,0.5,.667,1.4,1.6,3.0,0.3,0.4,0.3,0.7,1.3,2.9,yussif-basa-ama-1,YALE
24,Danny Wolf,21,0,7.3,1.0,2.5,.404,0.7,1.4,.483,0.3,1.1,.304,0.2,0.4,.625,0.8,1.3,2.1,0.6,0.2,0.4,0.7,0.8,2.6,danny-wolf-1,YALE
25,Nick Townsend,11,0,4.7,1.1,1.8,.600,1.0,1.5,.647,0.1,0.3,.333,0.3,0.6,.429,0.5,0.7,1.3,0.4,0.3,0.2,0.1,0.6,2.5,nick-townsend-1,YALE
26,Devon Arlington,5,0,6.6,0.4,1.8,.222,0.2,1.4,.143,0.2,0.4,.500,0.8,0.8,1.000,0.4,1.6,2.0,1.2,0.4,0.0,0.6,0.0,1.8,devon-arlington-1,YALE
27,Michael Feinberg,25,1,10.7,0.7,2.5,.290,0.6,1.4,.389,0.2,1.0,.154,0.2,0.4,.600,0.7,1.6,2.3,0.7,0.4,0.0,0.4,0.6,1.8,michael-feinberg-1,YALE
28,Emir Buyukhanli,11,0,5.1,0.6,1.4,.467,0.2,0.3,.667,0.5,1.1,.417,0.0,0.0,,0.0,1.0,1.0,0.1,0.0,0.1,0.2,0.5,1.7,emir-buyukhanli-1,YALE
29,Luke Kolaja,8,0,4.3,0.5,0.9,.571,0.3,0.5,.500,0.3,0.4,.667,0.1,0.3,.500,0.4,0.8,1.1,0.3,0.0,0.1,0.3,0.3,1.4,luke-kolaja-1,YALE
30,Teo Rice,11,0,5.3,0.5,1.3,.357,0.2,0.3,.667,0.3,1.0,.273,0.2,0.2,1.000,0.1,0.8,0.9,0.5,0.4,0.1,0.4,0.4,1.4,teo-rice-1,YALE
1,Jordan Dingle,28,26,33.6,7.8,16.8,.464,5.0,9.1,.555,2.8,7.7,.356,5.1,6.0,.856,0.7,2.9,3.6,2.3,1.1,0.1,2.9,1.5,23.4,jordan-dingle-1,PENN
2,Clark Slajchert,27,26,29.0,4.9,11.1,.440,3.4,6.8,.500,1.5,4.3,.345,2.3,2.7,.875,0.7,2.3,3.0,1.8,1.0,0.0,1.8,2.6,13.6,clark-slajchert-1,PENN
3,Max Martz,29,27,29.3,4.1,8.1,.500,2.6,4.6,.567,1.4,3.5,.412,1.2,1.4,.810,1.0,3.2,4.2,1.1,0.6,0.2,0.6,2.6,10.8,max-martz-1,PENN
4,Nick Spinoso,30,26,22.1,3.8,7.4,.516,3.8,7.1,.537,0.0,0.3,.000,1.1,2.5,.446,1.9,3.7,5.6,3.1,0.7,0.4,3.0,2.5,8.8,nick-spinoso-1,PENN
5,George Smith,23,0,20.5,2.0,3.9,.500,0.9,1.6,.556,1.1,2.3,.463,0.6,1.1,.538,0.8,3.1,3.9,1.0,0.5,0.1,1.0,1.8,5.6,george-smith-4,PENN
6,Lucas Monroe,30,25,23.7,1.6,3.8,.426,1.5,3.4,.447,0.1,0.4,.250,1.5,1.9,.821,1.1,4.8,6.0,2.1,0.6,0.6,1.3,2.7,4.9,lucas-monroe-1,PENN
7,Jonah Charles,28,10,14.7,1.3,3.4,.389,0.2,0.4,.600,1.1,3.0,.365,0.2,0.2,1.000,0.4,1.3,1.7,0.7,0.3,0.1,0.3,1.2,4.0,jonah-charles-1,PENN
8,Eddie Holland,15,0,9.8,1.1,2.6,.410,0.7,1.9,.393,0.3,0.7,.455,1.1,1.3,.842,0.3,1.2,1.5,0.3,0.1,0.4,0.5,1.1,3.5,eddie-hollandiii-1,PENN
9,Cam Thrower,12,0,7.9,1.1,2.7,.406,0.7,1.3,.533,0.4,1.4,.294,0.3,0.3,1.000,0.1,0.8,0.8,0.5,0.1,0.1,0.2,0.3,2.8,cam-thrower-1,PENN
10,Max Lorca-Lloyd,28,4,13.9,1.0,1.8,.549,1.0,1.8,.549,0.0,0.0,,0.6,1.0,.552,0.9,2.7,3.6,1.0,0.1,1.2,0.8,1.5,2.6,max-lorca-lloyd-1,PENN
11,Andrew Laczkowski,19,0,10.2,0.9,1.9,.486,0.6,0.8,.750,0.3,1.1,.286,0.1,0.4,.286,0.9,1.3,2.2,0.6,0.4,0.2,0.1,1.1,2.3,andrew-laczkowski-1,PENN
12,Reese McMullen,14,4,7.9,0.5,1.6,.318,0.1,0.4,.400,0.4,1.2,.294,0.3,0.4,.667,0.0,0.6,0.6,0.4,0.1,0.0,0.2,0.5,1.6,reese-mcmullen-1,PENN
13,Michael Moshkovitz,22,1,12.7,0.6,1.3,.500,0.5,0.8,.556,0.2,0.5,.400,0.0,0.2,.000,0.5,1.8,2.4,2.0,0.5,0.2,0.8,1.3,1.5,michael-moshkovitz-1,PENN
14,Gus Larson,5,1,6.2,0.2,0.6,.333,0.0,0.4,.000,0.2,0.2,1.000,0.0,0.2,.000,0.4,0.8,1.2,0.0,0.0,0.4,0.8,1.2,0.6,gus-larson-1,PENN
15,Colin Chambers,7,0,3.4,0.1,1.1,.125,0.1,0.1,1.000,0.0,1.0,.000,0.1,0.3,.500,0.1,0.1,0.3,0.4,0.1,0.0,0.3,0.3,0.4,colin-chambers-1,PENN
1,Tosan Evbuomwan,32,32,31.3,5.8,11.3,.515,5.5,10.3,.535,0.3,1.1,.324,3.0,4.6,.655,1.7,4.6,6.3,4.9,0.8,0.6,2.9,2.3,15.1,tosan-evbuomwan-1,PRINCETON
2,Ryan Langborg,32,32,31.3,4.3,10.2,.423,2.3,4.0,.567,2.1,6.2,.332,2.0,2.5,.823,0.3,2.8,3.1,1.6,0.8,0.6,1.6,2.1,12.7,ryan-langborg-1,PRINCETON
3,Matt Allocco,32,32,33.0,3.8,8.3,.453,2.3,4.6,.510,1.4,3.8,.383,1.7,2.3,.743,0.6,4.2,4.8,2.1,0.8,0.2,1.4,2.0,10.7,matt-allocco-1,PRINCETON
4,Caden Pierce,32,31,29.9,2.9,6.8,.426,1.7,3.1,.545,1.2,3.7,.325,1.2,1.9,.650,2.1,5.1,7.3,1.2,0.7,0.6,0.9,2.1,8.2,caden-pierce-1,PRINCETON
5,Keeshawn Kellman,32,32,16.9,3.3,5.3,.614,3.3,5.3,.614,0.0,0.0,,1.3,2.2,.623,1.7,2.8,4.5,0.6,0.1,0.8,1.6,2.0,7.9,keeshawn-kellman-1,PRINCETON
6,Blake Peters,32,0,13.8,1.9,4.6,.405,0.2,0.4,.500,1.7,4.3,.397,0.5,0.7,.739,0.3,1.5,1.8,0.4,0.3,0.1,0.3,1.1,6.0,blake-peters-1,PRINCETON
7,Deven Austin,22,0,15.3,2.0,3.8,.512,1.5,3.0,.492,0.5,0.9,.579,1.0,1.3,.759,0.5,2.0,2.5,0.6,0.6,0.5,1.0,1.7,5.4,deven-austin-1,PRINCETON
8,Xaivian Lee,32,0,13.4,1.5,3.9,.376,1.1,2.2,.493,0.4,1.8,.232,1.4,1.8,.804,0.2,1.6,1.8,0.9,0.5,0.1,0.9,1.3,4.8,xaivian-lee-1,PRINCETON
9,Zach Martini,24,0,14.3,1.4,3.7,.371,0.4,0.8,.474,1.0,2.9,.343,0.3,0.3,.857,0.8,2.0,2.8,0.5,0.3,0.0,0.6,1.5,4.0,zach-martini-1,PRINCETON
10,Jack Scott,18,0,6.7,1.0,2.2,.450,0.8,1.2,.636,0.2,1.0,.222,0.4,0.6,.727,0.4,0.9,1.3,0.7,0.4,0.0,0.8,0.4,2.7,jack-scott-1,PRINCETON
11,Jacob O'Connell,19,1,4.3,0.6,1.5,.429,0.6,1.2,.500,0.1,0.3,.167,0.3,0.4,.625,0.4,0.6,1.1,0.4,0.2,0.1,0.2,0.2,1.6,jacob-oconnell-1,PRINCETON
12,Konrad Kiszka,16,0,5.4,0.4,1.8,.241,0.3,1.3,.250,0.1,0.6,.222,0.3,0.4,.667,0.3,0.6,0.9,0.3,0.1,0.0,0.3,0.4,1.3,konrad-kiszka-1,PRINCETON
13,Vernon Collins,6,0,4.7,0.2,0.8,.200,0.2,0.8,.200,0.0,0.0,,0.7,1.0,.667,0.8,0.7,1.5,0.5,0.0,0.0,0.0,1.2,1.0,vernon-collins-1,PRINCETON
14,Philip Byriel,11,0,3.2,0.2,0.8,.222,0.0,0.0,,0.2,0.8,.222,0.0,0.0,,0.2,0.3,0.5,0.5,0.0,0.1,0.2,0.0,0.5,philip-byriel-1,PRINCETON
15,Leyi Adebayo,6,0,2.7,0.2,1.0,.167,0.2,0.5,.333,0.0,0.5,.000,0.0,0.0,,0.0,0.3,0.3,0.0,0.3,0.0,0.2,0.3,0.3,leyi-adebayo-1,PRINCETON
1,Greg Dolan,28,28,29.7,4.8,9.9,.482,3.1,5.9,.521,1.7,4.0,.425,2.0,2.8,.740,0.9,2.6,3.6,3.5,1.6,0.0,1.4,1.0,13.3,greg-dolan-2,CORNELL
2,Nazir Williams,25,24,25.1,4.4,9.0,.482,2.6,4.9,.537,1.7,4.1,.417,2.4,3.1,.792,0.6,3.0,3.6,2.8,1.0,0.2,2.0,2.8,12.9,nazir-williams-1,CORNELL
3,Chris Manon,28,8,20.0,4.1,7.3,.559,3.7,6.0,.617,0.4,1.3,.297,2.5,3.3,.753,1.1,2.5,3.6,2.3,2.3,0.5,2.3,2.5,11.0,chris-manon-1,CORNELL
4,Guy Ragland,27,0,20.1,3.1,8.1,.384,1.6,2.7,.595,1.5,5.4,.276,1.7,2.3,.726,1.2,3.4,4.7,1.7,0.6,0.4,1.7,2.3,9.4,guy-raglandjr-1,CORNELL
5,Isaiah Gray,28,28,21.0,3.3,6.2,.529,2.7,4.2,.636,0.6,2.0,.304,1.6,2.4,.676,0.9,2.0,2.9,1.4,1.1,0.1,1.0,1.8,8.8,isaiah-gray-1,CORNELL
6,Sean Hansen,28,28,20.6,3.3,6.7,.497,2.5,4.2,.593,0.8,2.5,.333,1.2,1.8,.680,1.5,2.9,4.4,2.7,0.8,0.4,1.6,1.8,8.7,sean-hansen-1,CORNELL
7,Keller Boothby,28,23,19.6,2.1,5.5,.383,0.4,0.8,.545,1.7,4.7,.356,0.3,0.3,.778,0.5,1.4,1.9,0.8,0.6,0.0,0.2,1.0,6.1,keller-boothby-1,CORNELL
8,Max Watson,26,0,14.0,1.9,4.5,.427,0.7,1.2,.531,1.3,3.3,.388,0.2,0.3,.625,0.4,1.2,1.6,0.7,0.8,0.0,0.5,0.7,5.3,max-watson-1,CORNELL
9,Josh Baldwin,24,0,12.6,0.8,1.7,.439,0.5,0.7,.647,0.3,1.0,.292,0.5,0.9,.524,0.6,0.9,1.5,0.8,0.5,0.1,0.5,1.3,2.3,josh-baldwin-1,CORNELL
10,Marcus Filien,28,1,13.8,0.8,1.9,.434,0.5,0.8,.609,0.3,1.1,.300,0.3,0.4,.818,0.5,1.8,2.3,0.6,0.5,0.3,0.6,1.2,2.3,marcus-filien-1,CORNELL
11,Chris Cain,18,0,4.8,0.7,1.4,.520,0.4,0.6,.800,0.3,0.8,.333,0.2,0.3,.500,0.1,0.6,0.7,0.3,0.2,0.1,0.1,0.4,1.9,chris-cain-1,CORNELL
12,Cooper Noard,15,0,5.0,0.6,1.8,.333,0.0,0.1,.000,0.6,1.7,.346,0.1,0.1,1.000,0.3,0.2,0.5,0.2,0.2,0.0,0.2,0.3,1.9,cooper-noard-1,CORNELL
13,Adam Tsang Hinton,11,0,2.6,0.5,0.6,.857,0.1,0.2,.500,0.5,0.5,1.000,0.0,0.0,,0.0,0.1,0.1,0.1,0.1,0.1,0.4,0.2,1.5,adam-tsang-hinton-1,CORNELL
14,Ryan Kiachian,12,0,3.3,0.4,0.8,.500,0.4,0.8,.556,0.0,0.1,.000,0.4,0.5,.833,0.1,0.6,0.7,0.4,0.1,0.2,0.4,0.4,1.3,ryan-kiachian-1,CORNELL
15,DJ Nix,15,0,4.1,0.4,0.9,.429,0.2,0.3,.600,0.2,0.6,.333,0.0,0.0,,0.1,0.7,0.8,0.1,0.0,0.0,0.1,0.3,1.0,dj-nix-1,CORNELL
16,AK Okereke,4,0,1.5,0.3,0.5,.500,0.3,0.3,1.000,0.0,0.3,.000,0.0,0.0,,0.3,0.3,0.5,0.3,0.0,0.0,0.0,0.0,0.5,ak-okereke-1,CORNELL
1,Dame Adelekun,27,27,23.3,5.6,9.9,.563,5.3,9.3,.574,0.3,0.6,.412,2.3,3.8,.618,2.3,4.9,7.2,2.5,0.9,2.0,2.1,2.4,13.8,demilade-adelekun-1,DARTMOUTH
2,Ryan Cornish,26,24,28.1,4.2,10.3,.407,2.7,5.7,.476,1.5,4.7,.322,2.6,3.3,.779,0.5,3.3,3.8,2.6,1.2,0.2,2.7,2.0,12.5,ryan-cornish-1,DARTMOUTH
3,Dusan Neskovic,24,20,25.0,4.2,8.8,.481,2.5,4.6,.532,1.8,4.1,.424,2.0,2.6,.762,0.5,2.8,3.3,1.2,0.3,0.1,2.4,1.8,12.2,dusan-neskovic-1,DARTMOUTH
4,Brandon Mitchell-Day,25,2,16.8,2.2,4.9,.455,1.9,3.5,.552,0.3,1.4,.222,1.0,1.6,.667,1.0,1.8,2.8,0.8,0.2,0.5,0.9,1.9,5.8,brandon-mitchell-day-1,DARTMOUTH
5,Cade Haskins,16,14,21.5,1.9,5.6,.333,0.4,1.0,.438,1.4,4.6,.311,0.2,0.2,1.000,0.1,2.4,2.5,1.3,0.4,0.3,1.4,0.6,5.4,cade-haskins-1,DARTMOUTH
6,Cam Krystkowiak,26,18,18.0,1.7,3.5,.500,0.9,1.5,.605,0.8,2.0,.423,0.6,1.1,.571,0.8,2.4,3.2,0.6,0.5,0.2,1.0,2.1,4.9,cam-krystkowiak-1,DARTMOUTH
7,Izaiah Robinson,28,14,19.7,1.6,4.5,.352,0.7,1.7,.396,0.9,2.8,.325,0.8,1.0,.750,0.3,1.7,1.9,1.1,0.4,0.0,1.2,1.8,4.8,izaiah-robinson-1,DARTMOUTH
8,Jaren Johnson,26,8,18.9,1.4,3.4,.404,1.0,2.1,.455,0.4,1.3,.324,1.3,1.4,.917,0.1,2.0,2.0,0.8,0.5,0.1,0.9,1.5,4.5,jaren-johnson-1,DARTMOUTH
9,Jackson Munro,26,1,13.5,1.8,4.0,.452,1.4,2.5,.569,0.4,1.5,.256,0.5,0.8,.619,0.9,1.3,2.2,1.4,0.0,0.4,0.7,1.0,4.5,jackson-munro-1,DARTMOUTH
10,Romeo Myrthil,25,8,17.4,1.3,3.0,.427,0.7,1.4,.500,0.6,1.6,.366,0.4,0.4,.909,0.2,1.8,2.0,0.9,0.6,0.3,1.1,1.4,3.6,romeo-myrthil-1,DARTMOUTH
11,Jayden Williams,22,0,9.1,1.1,3.1,.362,0.4,1.0,.391,0.7,2.1,.348,0.5,0.8,.647,0.4,0.7,1.1,0.2,0.1,0.1,0.4,0.7,3.5,jayden-williams-1,DARTMOUTH
12,Nathaniel Ogbu,7,1,7.3,1.1,3.1,.364,1.0,2.4,.412,0.1,0.7,.200,0.3,0.3,1.000,0.7,1.6,2.3,0.4,0.1,0.4,0.3,0.7,2.7,nathaniel-ogbu-1,DARTMOUTH
13,Robert McRae,24,1,9.9,0.9,2.1,.412,0.7,1.3,.516,0.2,0.8,.250,0.5,1.1,.462,0.3,1.4,1.8,0.5,0.4,0.1,0.8,1.2,2.5,robert-mcraeiii-1,DARTMOUTH
14,Connor Christensen,6,0,6.5,0.7,1.8,.364,0.2,0.7,.250,0.5,1.2,.429,0.3,0.7,.500,0.7,1.7,2.3,0.7,0.3,0.0,0.7,0.5,2.2,connor-christensen-1,DARTMOUTH
15,Jackson Blaufeld,12,1,7.4,0.6,2.2,.269,0.5,0.8,.667,0.1,1.4,.059,0.3,0.5,.500,0.0,0.2,0.2,0.3,0.6,0.1,0.3,0.1,1.5,jackson-blaufeld-1,DARTMOUTH
16,Paul Hudson,7,1,5.4,0.4,0.7,.600,0.4,0.7,.600,0.0,0.0,,0.3,0.4,.667,0.4,0.7,1.1,0.4,0.4,0.1,0.1,0.1,1.1,paul-hudson-2,DARTMOUTH
1,Chris Ledlum,28,27,31.5,7.1,15.0,.473,5.6,10.1,.558,1.4,4.9,.294,3.3,5.1,.636,2.6,5.9,8.5,1.5,1.8,1.1,2.6,2.4,18.8,chris-ledlum-1,HARVARD
2,Idan Tretout,27,15,23.3,3.2,7.4,.433,2.1,4.5,.475,1.1,2.9,.367,2.1,3.0,.716,0.6,2.7,3.3,2.1,0.8,0.3,1.6,1.4,9.7,idan-tretout-1,HARVARD
3,Evan Nelson,28,26,28.9,2.9,7.3,.397,1.5,3.8,.406,1.4,3.5,.388,1.2,1.5,.810,0.6,2.4,3.0,3.4,1.1,0.1,2.0,1.6,8.4,evan-nelson-1,HARVARD
4,Chisom Okpara,28,2,19.9,2.8,5.7,.491,2.3,4.3,.546,0.5,1.4,.325,1.3,2.3,.578,1.3,2.6,3.9,1.1,0.4,0.3,1.9,2.5,7.4,chisom-okpara-1,HARVARD
5,Samuel Silverstein,28,24,31.4,2.6,5.6,.456,1.8,2.9,.617,0.8,2.8,.286,1.3,1.5,.878,1.6,3.7,5.3,1.6,1.2,0.3,1.5,1.6,7.2,samuel-silverstein-1,HARVARD
6,Luka Sakota,25,15,26.5,2.3,6.8,.339,1.2,3.2,.388,1.1,3.6,.297,1.4,1.9,.745,0.4,3.0,3.4,1.7,1.0,0.0,1.1,1.4,7.1,luka-sakota-1,HARVARD
7,Justice Ajogbor,28,26,17.7,2.6,4.8,.549,2.6,4.7,.553,0.0,0.0,.000,0.9,1.5,.605,1.4,1.8,3.2,0.6,0.3,1.4,1.0,1.5,6.1,justice-ajogbor-1,HARVARD
8,Louis Lesmond,5,2,21.0,2.2,7.0,.314,0.8,1.0,.800,1.4,6.0,.233,0.0,0.0,,0.6,1.6,2.2,0.8,0.8,0.8,0.4,1.0,5.8,louis-lesmond-1,HARVARD
9,Chandler Pigge,18,2,9.7,0.8,1.9,.412,0.7,1.0,.667,0.1,0.9,.125,0.3,0.6,.500,0.5,0.7,1.2,0.5,0.4,0.1,0.6,1.0,1.9,chandler-pigge-1,HARVARD
10,Tyler Simon,16,0,7.8,0.7,1.7,.407,0.3,0.6,.500,0.4,1.1,.353,0.1,0.2,.667,0.3,0.7,1.0,0.5,0.5,0.0,0.6,0.3,1.9,tyler-simon-1,HARVARD
11,Matt Filipowski,3,0,2.3,0.7,1.3,.500,0.7,1.3,.500,0.0,0.0,,0.0,0.0,,1.0,0.3,1.3,0.0,0.0,0.3,0.0,0.3,1.3,matt-filipowski-1,HARVARD
12,Josh Hemmings,23,0,7.6,0.5,1.1,.423,0.5,1.1,.423,0.0,0.0,,0.2,0.6,.357,0.6,1.1,1.7,0.3,0.2,0.2,0.3,1.1,1.2,josh-hemmings-1,HARVARD
13,Greg Cooper,6,0,1.5,0.3,0.7,.500,0.3,0.5,.667,0.0,0.2,.000,0.0,0.0,,0.0,0.2,0.2,0.0,0.0,0.0,0.3,0.0,0.7,greg-cooper-1,HARVARD
14,Denham Wojcik,15,0,8.1,0.1,1.1,.125,0.1,0.5,.286,0.0,0.6,.000,0.1,0.3,.200,0.5,1.0,1.5,0.7,0.5,0.0,0.7,0.8,0.3,denham-wojcik-1,HARVARD
15,Tommy O'Neil,5,1,2.4,0.0,0.4,.000,0.0,0.2,.000,0.0,0.2,.000,0.0,0.0,,0.0,0.2,0.2,0.0,0.0,0.0,0.0,0.2,0.0,tommy-oneil-1,HARVARD
16,Christian Rich,6,0,1.5,0.0,0.0,,0.0,0.0,,0.0,0.0,,0.0,0.0,,0.0,0.0,0.0,0.2,0.0,0.0,0.2,0.0,0.0,christian-rich-1,HARVARD
1,Geronimo Rubio De La Rosa,29,29,31.8,4.2,10.1,.415,1.8,3.5,.500,2.4,6.6,.370,2.7,3.1,.888,0.9,4.7,5.6,2.3,1.4,0.1,1.9,1.6,13.6,geronimo-rubiodelarosa-1,COLUMBIA
2,Avery Brown,29,29,29.9,3.4,9.4,.368,2.6,6.6,.387,0.9,2.8,.321,1.9,2.8,.683,0.5,1.8,2.3,2.7,0.8,0.1,2.6,2.3,9.7,avery-brown-2,COLUMBIA
3,Zinou Eddine Bedri,27,27,20.5,3.4,8.3,.404,3.1,6.8,.454,0.3,1.6,.190,1.2,1.9,.640,1.0,3.1,4.1,1.0,0.4,0.3,2.0,2.8,8.2,zinou-bedri-1,COLUMBIA
4,Liam Murphy,16,6,21.3,2.6,7.3,.353,1.1,2.7,.419,1.4,4.6,.315,0.8,1.2,.632,0.6,2.4,3.0,0.8,0.4,0.2,1.3,1.3,7.3,liam-murphy-2,COLUMBIA
5,Zavian McLean,26,10,18.2,2.6,5.5,.465,2.0,3.7,.552,0.5,1.8,.292,1.3,1.7,.773,0.8,1.5,2.4,0.7,0.5,0.2,1.4,1.4,7.0,zavian-mclean-1,COLUMBIA
6,Kenny Noland,29,0,18.4,2.3,5.1,.453,1.6,3.1,.517,0.7,2.0,.356,1.3,1.8,.731,0.9,1.2,2.0,1.6,1.1,0.1,1.3,1.2,6.7,kenny-noland-1,COLUMBIA
7,Blair Thompson,28,15,23.3,2.0,6.2,.318,0.8,2.4,.338,1.1,3.8,.305,1.3,1.7,.750,0.8,2.4,3.3,0.8,0.7,0.2,0.9,1.7,6.4,blair-thompson-1,COLUMBIA
8,Cameron Shockley-Okeke,6,6,17.3,1.7,3.3,.500,0.7,1.2,.571,1.0,2.2,.462,1.0,1.0,1.000,0.5,2.0,2.5,1.3,0.3,0.5,1.3,1.5,5.3,cameron-shockley-okeke-1,COLUMBIA
9,Asa Shannon,2,0,6.5,2.5,3.5,.714,2.5,3.0,.833,0.0,0.5,.000,0.0,0.0,,0.0,0.5,0.5,1.0,1.0,0.0,0.0,1.0,5.0,asa-shannon-1,COLUMBIA
10,Josh Odunowo,29,23,18.0,1.6,3.4,.465,1.6,3.4,.465,0.0,0.0,,0.7,1.4,.463,1.2,1.9,3.1,0.7,0.2,0.5,0.7,2.1,3.8,josh-odunowo-1,COLUMBIA
11,Noah Robledo,14,0,9.7,1.2,3.5,.347,0.6,1.3,.444,0.6,2.2,.290,0.4,0.5,.857,0.9,0.6,1.5,0.2,0.1,0.0,0.2,0.8,3.5,noah-robledo-1,COLUMBIA
12,Jake Tavroff,27,0,11.9,1.6,2.7,.568,1.6,2.7,.568,0.0,0.0,,0.4,0.8,.524,1.1,2.7,3.8,0.7,0.3,0.3,0.6,1.1,3.5,jake-tavroff-1,COLUMBIA
13,Jaden Cooper,22,0,7.5,0.6,2.2,.292,0.4,0.8,.500,0.2,1.4,.167,0.6,0.8,.765,0.3,0.4,0.7,0.5,0.7,0.0,0.5,0.5,2.1,jaden-cooper-1,COLUMBIA
14,Lukas Yurasits,10,0,4.4,0.5,1.2,.417,0.2,0.6,.333,0.3,0.6,.500,0.5,0.7,.714,0.6,0.3,0.9,0.6,0.3,0.1,0.1,0.3,1.8,lukas-yurasits-1,COLUMBIA
15,Robbie Stankard,23,0,8.9,0.6,2.0,.298,0.3,0.6,.429,0.3,1.4,.242,0.0,0.2,.250,0.6,1.2,1.8,0.2,0.4,0.1,0.5,1.2,1.6,robbie-stankard-1,COLUMBIA

